ipdb> x[0,0,:20]
tensor([0.6375, 0.2953, 0.4591, 0.0018, 0.4893, 0.6018, 0.0342, 0.8251, 0.5942,
        0.1487, 0.8810, 0.7300, 0.2012, 0.2428, 0.2093, 0.7224, 0.4924, 0.0310,
        0.6496, 0.1897])



ipdb> self.vars
Parameter containing:
tensor([[[0.3119, 0.2701, 0.1118,  ..., 0.1557, 0.0016, 0.4293],
         [0.6803, 0.1970, 0.2853,  ..., 0.7620, 0.2870, 0.5436],
         [0.5175, 0.9745, 0.7267,  ..., 0.1534, 0.4856, 0.3661],
         ...,
         [0.3185, 0.9509, 0.9291,  ..., 0.4589, 0.5563, 0.5770],
         [0.3579, 0.9653, 0.5007,  ..., 0.7413, 0.0031, 0.0522],
         [0.5979, 0.8398, 0.4825,  ..., 0.8447, 0.2481, 0.7930]]],
       requires_grad=True)

